-21 -11
-22 -12
-23 -13
-24 -14
-25 -15
-31 -21
-32 -22
-33 -23
-34 -24
-35 -25
-41 -21
-42 -22
-43 -23
-44 -24
-45 -25
-41 -31
-42 -32
-43 -33
-44 -34
-45 -35
-11 -12
-11 -13
-11 -14
-11 -15
-12 -11
-12 -13
-12 -14
-12 -15
-13 -11
-13 -12
-13 -14
-13 -15
-21 -22
-21 -23
-21 -24
-21 -25
-22 -21
-22 -23
-22 -24
-22 -25
-23 -21
-23 -22
-23 -24
-23 -25
-31 -32
-31 -33
-31 -34
-31 -35
-32 -31
-32 -33
-32 -34
-32 -35
-33 -31
-33 -32
-33 -34
-33 -35
-41 -42
-41 -43
-41 -44
-41 -45
-42 -41
-42 -43
-42 -44
-42 -45
-43 -41
-43 -42
-43 -44
-43 -45
11 12 13
21 22 23
31 32 33
41 42 43