c comentario
p cnf 25 115
-11 -21 0
-12 -22 0
-13 -23 0
-14 -24 0
-15 -25 0
-11 -31 0
-12 -32 0
-13 -33 0
-14 -34 0
-15 -35 0
-11 -41 0
-12 -42 0
-13 -43 0
-14 -44 0
-15 -45 0
-11 -51 0
-12 -52 0
-13 -53 0
-14 -54 0
-15 -55 0
-21 -31 0
-22 -32 0
-23 -33 0
-24 -34 0
-25 -35 0
-21 -41 0
-22 -42 0
-23 -43 0
-24 -44 0
-25 -45 0
-21 -51 0
-22 -52 0
-23 -53 0
-24 -54 0
-25 -55 0
-31 -41 0
-32 -42 0
-33 -43 0
-34 -44 0
-35 -45 0
-31 -51 0
-32 -52 0
-33 -53 0
-34 -54 0
-35 -55 0
-41 -51 0
-42 -52 0
-43 -53 0
-44 -54 0
-45 -55 0
-11 -12 0
-11 -13 0
-11 -14 0
-11 -15 0
-12 -11 0
-12 -13 0
-12 -14 0
-12 -15 0
-13 -11 0
-13 -12 0
-13 -14 0
-13 -15 0
-21 -22 0
-21 -23 0
-21 -24 0
-21 -25 0
-22 -21 0
-22 -23 0
-22 -24 0
-22 -25 0
-23 -21 0
-23 -22 0
-23 -24 0
-23 -25 0
-31 -32 0
-31 -33 0
-31 -34 0
-31 -35 0
-32 -31 0
-32 -33 0
-32 -34 0
-32 -35 0
-33 -31 0
-33 -32 0
-33 -34 0
-33 -35 0
-41 -42 0
-41 -43 0
-41 -44 0
-41 -45 0
-42 -41 0
-42 -43 0
-42 -44 0
-42 -45 0
-43 -41 0
-43 -42 0
-43 -44 0
-43 -45 0
-51 -52 0
-51 -53 0
-51 -54 0
-51 -55 0
-52 -51 0
-52 -53 0
-52 -54 0
-52 -55 0
-53 -51 0
-53 -52 0
-53 -54 0
-53 -55 0
11 12 13 0
21 22 23 0
31 32 33 0
41 42 43 0
51 52 53 0
