c comentario
p cnf 18 60
-21 -11 0
-22 -12 0
-23 -13 0
-31 -21 0
-32 -22 0
-33 -23 0
-41 -21 0
-42 -22 0
-43 -23 0
-41 -31 0
-42 -32 0
-43 -33 0
-21 -51 0
-22 -52 0
-23 -53 0
-31 -61 0
-32 -62 0
-33 -63 0
-11 -12 0
-11 -13 0
-12 -11 0
-12 -13 0
-13 -11 0
-13 -12 0
-21 -22 0
-21 -23 0
-22 -21 0
-22 -23 0
-23 -21 0
-23 -22 0
-31 -32 0
-31 -33 0
-32 -31 0
-32 -33 0
-33 -31 0
-33 -32 0
-41 -42 0
-41 -43 0
-42 -41 0
-42 -43 0
-43 -41 0
-43 -42 0
-51 -52 0
-51 -53 0
-52 -51 0
-52 -53 0
-53 -51 0
-53 -52 0
-61 -62 0
-61 -63 0
-62 -61 0
-62 -63 0
-63 -61 0
-63 -62 0
11 12 13 0
21 22 23 0
31 32 33 0
41 42 43 0
51 52 53 0
61 62 63 0
